[0.  0.  0.8]
[ 0.  1. 30.]
[1. 0. 0.]
[1. 0. 0.]
[0. 0. 0.]
[0. 0. 0.]
[0. 0. 0.]
[1. 0. 0.]
[1.  0.1 0.8]
[1.99441262e-17 1.00000000e+00 3.00000000e+01]
[1.00000000e+00 0.00000000e+00 1.69162195e-25]
[1.00000001e+00 0.00000000e+00 1.57009246e-16]
[8.13670435e-06 8.47032947e-22 2.91376317e-09]
[ 3.31305827e-09 -3.37866640e-38  7.85046227e-17]
[ 3.31305827e-09 -3.37866640e-38  7.85046227e-17]
[ 9.99999998e-01 -5.55111512e-17  1.18660474e-12]
[2.  0.2 0.8]
[6.06426037e-04 1.00000000e+00 3.00000000e+01]
[1.00000000e+00 0.00000000e+00 3.92523115e-16]
[1.00000041e+00 0.00000000e+00 2.22044605e-16]
[ 7.99007505e-05 -3.38813179e-21  2.86127490e-08]
[ 1.05974983e-07  4.10930267e-24 -3.47031173e-11]
[ 3.04794393e-06  4.10930267e-24 -3.47031173e-11]
[9.99999899e-01 0.00000000e+00 7.26485372e-11]
[3.  0.3 0.8]
[2.35639831e-03 1.00000000e+00 3.00000000e+01]
[1.00000000e+00 5.55111512e-17 3.71543429e-22]
[ 1.00000441e+00 -1.11022302e-15  4.85257997e-22]
[3.53071238e-04 2.57498016e-19 1.26434427e-07]
[ 5.43401456e-07 -5.82868301e-16 -5.95859741e-10]
[ 4.49697947e-05 -5.82868301e-16 -5.95859741e-10]
[9.99998896e-01 1.94289029e-16 7.90530628e-10]
[4.  0.4 0.8]
[5.14595808e-03 1.00000000e+00 3.00000000e+01]
[ 1.00000000e+00 -5.55111512e-17  1.85410569e-14]
[ 1.00002365e+00 -7.31636973e-14  3.76367243e-14]
[1.04650144e-03 8.37546178e-17 3.74739682e-07]
[ 1.05467630e-06 -3.65549551e-14 -3.85677984e-09]
[ 2.13019997e-04 -3.65549551e-14 -3.85677984e-09]
[9.99994087e-01 5.55111512e-17 4.23668663e-09]
[5.  0.5 0.8]
[8.8711466e-03 1.0000000e+00 3.0000000e+01]
[1.00000000e+00 2.22044605e-16 3.94684676e-14]
[ 1.00008586e+00 -1.11022302e-16  7.88258347e-14]
[ 2.44955939e-03 -4.87890978e-19  8.77182940e-07]
[-5.30685833e-07 -1.66524797e-16 -1.55632172e-08]
[ 6.30089920e-04 -1.66524797e-16 -1.55632172e-08]
[ 9.99978536e-01 -2.77555756e-17  1.53929166e-08]
[6.  0.6 0.8]
[1.34280051e-02 1.00000000e+00 3.00000000e+01]
[ 1.00000000e+00 -1.66533454e-16  6.28941588e-14]
[1.00024351e+00 5.55111512e-16 1.25011113e-13]
[ 4.91069222e-03 -2.27682456e-18  1.75863151e-06]
[-1.01254915e-05  3.60883629e-16 -4.72297947e-08]
[ 1.43787016e-03  3.60883629e-16 -4.72297947e-08]
[ 9.99939128e-01 -1.11022302e-16  4.37126154e-08]
[7.  0.7 0.8]
[1.87125749e-02 1.00000000e+00 3.00000000e+01]
[ 1.00000000e+00 -2.22044605e-16  1.37517775e-12]
[1.00058201e+00 1.01030295e-14 4.69946304e-12]
[ 8.82486934e-03 -6.13658430e-17  3.14142482e-06]
[-3.92657531e-05  5.16483369e-15 -1.17566632e-07]
[ 2.78302569e-03  5.16483369e-15 -1.17566632e-07]
[9.99854535e-01 2.77555756e-16 1.05125762e-07]
[8.  0.8 0.8]
[2.46208971e-02 1.00000000e+00 3.00000000e+01]
[ 1.00000000e+00 -1.66533454e-16  9.45348300e-10]
[ 1.00122639e+00 -1.11022302e-16  1.52532609e-09]
[ 1.46204775e-02 -4.55364912e-18  5.23264347e-06]
[-1.06741347e-04  2.79798055e-17 -2.57374764e-07]
[ 4.80677722e-03  2.79798055e-17 -2.57374764e-07]
[ 9.99693578e-01 -8.32667268e-17  2.21581398e-07]
[9.  0.9 0.8]
[ 0.03104901  1.         30.        ]
[1.00000000e+00 3.88578059e-16 1.34754385e-09]
[1.00234542e+00 4.44089210e-16 2.62503330e-09]
[2.27431365e-02 1.90819582e-17 8.11872808e-06]
[-2.39593485e-04  2.65706237e-17 -5.03518244e-07]
[ 7.63820733e-03  2.65706237e-17 -5.03518244e-07]
[ 9.99414293e-01 -2.77555756e-17  4.26007244e-07]
[10.   1.   0.8]
[ 0.03789296  1.         30.        ]
[1.00000000e+00 1.16573418e-15 1.64345615e-09]
[ 1.00415202e+00 -3.88578059e-15  3.17306637e-09]
[3.36391813e-02 2.35922393e-16 1.19627379e-05]
[-4.73365878e-04 -2.54363698e-15 -9.05842386e-07]
[ 1.13894247e-02 -2.54363698e-15 -9.05842386e-07]
[9.98964043e-01 2.58126853e-15 7.60362258e-07]
[11.   1.1  0.8]
[ 0.04504879  1.         30.        ]
[1.00000000e+00 1.11022302e-14 1.80272242e-09]
[ 1.00689929e+00 -3.55271368e-14  3.60416219e-09]
[4.77371414e-02 1.77375475e-15 1.71443823e-05]
[-8.51356750e-04 -2.34744945e-14 -1.54376668e-06]
[ 1.61673550e-02 -2.34744945e-14 -1.54376668e-06]
[9.98281028e-01 1.63757896e-14 1.26580264e-06]
[12.   1.2  0.8]
[ 0.05241254  1.         30.        ]
[1.00000000e+00 8.41549053e-14 1.51931717e-09]
[ 1.01087091e+00 -2.54463117e-13  3.01911118e-09]
[6.54222249e-02 2.31377417e-14 2.35276649e-05]
[-1.42243652e-03 -1.71734427e-13 -2.46553927e-06]
[ 2.20653266e-02 -1.71734427e-13 -2.46553927e-06]
[9.97297054e-01 1.25982558e-13 2.00919985e-06]
[13.   1.3  0.8]
[ 0.05988024  1.         30.        ]
[ 9.99999998e-01 -5.55111512e-16  9.89750504e-11]
[1.01636673e+00 2.22044605e-15 8.41764436e-11]
[ 8.70168508e-02 -6.76542156e-17  3.13512936e-05]
[-2.23781401e-03  1.39588108e-15 -3.75465334e-06]
[ 2.93085104e-02  1.39588108e-15 -3.75465334e-06]
[ 9.95942495e-01 -9.43689571e-16  3.04970379e-06]
