[0.  0.  0.2]
[ 0.  1. 10.]
[1. 0. 0.]
[1. 0. 0.]
[0. 0. 0.]
[0. 0. 0.]
[0. 0. 0.]
[1. 0. 0.]
[1.  0.1 0.2]
[-2.65921683e-17  1.00000000e+00  1.00000000e+01]
[1.00000000e+00 1.11022302e-16 4.65738890e-14]
[1.00000149e+00 0.00000000e+00 9.31477779e-14]
[1.21877306e-04 1.94817578e-19 4.36435353e-08]
[ 7.43324124e-07 -5.55111512e-17  2.32869445e-14]
[ 7.43324124e-07 -5.55111512e-17  2.32869445e-14]
[ 9.99999628e-01 -2.77555756e-17  2.66174021e-10]
[2.  0.2 0.2]
[8.8711466e-03 1.0000000e+00 1.0000000e+01]
[ 1.00000000e+00 -1.66533454e-16  4.07707201e-12]
[ 1.00007854e+00 -1.11022302e-16  8.14448509e-12]
[1.12885769e-03 6.50521303e-19 4.05506297e-07]
[ 1.92390210e-05  2.77440339e-17 -7.19257791e-09]
[ 6.49859627e-04  2.77440339e-17 -7.19257791e-09]
[ 9.99980367e-01 -2.77555756e-17  1.41549638e-08]
[3.  0.3 0.2]
[ 0.03104901  1.         10.        ]
[ 1.00000000e+00 -4.99600361e-16  3.35732830e-10]
[1.00072275e+00 2.91988655e-14 1.40648948e-09]
[ 4.69282186e-03 -8.45677695e-18  1.72200217e-06]
[ 6.99623992e-05  1.48497581e-14 -1.06397557e-07]
[ 7.94776321e-03  1.48497581e-14 -1.06397557e-07]
[ 9.99819371e-01 -1.38777878e-16  1.33680310e-07]
[4.  0.4 0.2]
[ 0.05988024  1.         10.        ]
[9.99999998e-01 2.22044605e-16 4.61280747e-09]
[ 1.00320547e+00 -1.77635684e-15  7.55039520e-09]
[1.29843810e-02 3.44776291e-17 4.51927826e-06]
[ 4.77195564e-05 -1.00332978e-15 -5.39762135e-07]
[ 3.15940440e-02 -1.00332978e-15 -5.39762135e-07]
[9.99199800e-01 1.66533454e-16 6.21366557e-07]
