[0.  0.  0.2]
[ 0.  1. 10.]
[1. 0. 0.]
[1. 0. 0.]
[0. 0. 0.]
[0. 0. 0.]
[0. 0. 0.]
[1. 0. 0.]
[1.  0.1 0.2]
[-2.65921683e-17  1.00000000e+00  1.00000000e+01]
[ 1.00000000e+00 -5.55111512e-17  1.75541673e-16]
[ 1.00000149e+00 -1.11022302e-16  1.57009246e-16]
[1.21877299e-04 2.20228566e-20 4.36487620e-08]
[ 7.43324056e-07 -2.77555756e-17 -9.26621146e-18]
[ 7.43324056e-07 -2.77555756e-17 -9.26621146e-18]
[9.99999628e-01 2.22044605e-16 2.66208429e-10]
[2.  0.2 0.2]
[8.8711466e-03 1.0000000e+00 1.0000000e+01]
[1.00000000e+00 5.55111512e-17 4.44089210e-16]
[1.00007853e+00 2.22044605e-16 6.66133815e-16]
[1.12885533e-03 4.87890978e-19 4.04710116e-07]
[ 1.92389676e-05  8.32580705e-17 -7.18048542e-09]
[ 6.49859574e-04  8.32580705e-17 -7.18048542e-09]
[ 9.99980367e-01 -5.55111512e-17  1.41443911e-08]
[3.  0.3 0.2]
[ 0.03104901  1.         10.        ]
[1.00000000e+00 6.16173779e-15 6.21303009e-12]
[ 1.00072275e+00 -2.16493490e-14  9.95192817e-12]
[ 4.69289759e-03 -1.79272829e-15  1.68419401e-06]
[ 6.99569060e-05 -1.37942185e-14 -1.04583255e-07]
[ 7.94775772e-03 -1.37942185e-14 -1.04583255e-07]
[9.99819370e-01 8.85402862e-15 1.34579837e-07]
[4.  0.4 0.2]
[ 0.05988024  1.         10.        ]
[ 1.00000000e+00 -3.88578059e-16  1.20986465e-09]
[ 1.00320556e+00 -1.55431223e-15  1.51011659e-09]
[1.29851222e-02 8.89045781e-18 4.69447176e-06]
[ 4.76766727e-05 -5.83931813e-16 -5.62062061e-07]
[ 3.15940011e-02 -5.83931813e-16 -5.62062061e-07]
[9.99199789e-01 7.77156117e-16 6.19518084e-07]
