[0.  0.  0.4]
[ 0.  1. 20.]
[1. 0. 0.]
[1. 0. 0.]
[0. 0. 0.]
[0. 0. 0.]
[0. 0. 0.]
[1. 0. 0.]
[1.  0.1 0.4]
[-5.31843365e-17  1.00000000e+00  2.00000000e+01]
[ 1.00000000e+00 -1.11022302e-16  7.85046229e-17]
[ 1.00000010e+00 -1.11022302e-16  1.57009246e-16]
[ 3.18543296e-05 -2.54109884e-21  1.14070485e-08]
[ 5.07772266e-08 -2.70293312e-37  3.92523127e-17]
[ 5.07772266e-08 -2.70293312e-37  3.92523127e-17]
[9.99999975e-01 2.77555756e-17 1.81818461e-11]
[2.  0.2 0.4]
[2.35639831e-03 1.00000000e+00 2.00000000e+01]
[ 1.00000000e+00 -2.22044605e-16  4.16888746e-13]
[ 1.00000594e+00 -2.55351296e-15  8.33999536e-13]
[3.07144045e-04 1.09775470e-18 1.09978606e-07]
[ 1.52240503e-06 -1.16573935e-15 -5.18098248e-10]
[ 4.59487983e-05 -1.16573935e-15 -5.18098248e-10]
[9.99998515e-01 5.55111512e-17 1.06357367e-09]
[3.  0.3 0.4]
[8.8711466e-03 1.0000000e+00 2.0000000e+01]
[1.00000000e+00 1.11022302e-16 7.26740890e-12]
[ 1.00006152e+00 -1.11022302e-16  1.45301549e-11]
[ 1.33274070e-03 -2.16840434e-19  4.76613310e-07]
[ 7.11649525e-06 -1.11018455e-16 -8.45258171e-09]
[ 6.37737101e-04 -1.11018455e-16 -8.45258171e-09]
[9.99984619e-01 0.00000000e+00 1.10221508e-08]
[4.  0.4 0.4]
[1.87125749e-02 1.00000000e+00 2.00000000e+01]
[1.00000000e+00 1.66533454e-16 3.78325149e-12]
[1.00031262e+00 1.77635684e-15 1.66310299e-11]
[ 3.87334764e-03 -5.31259065e-18  1.38251681e-06]
[ 1.13487493e-05  8.05110517e-16 -5.17344748e-08]
[ 2.83364020e-03  8.05110517e-16 -5.17344748e-08]
[9.99921856e-01 0.00000000e+00 5.63340396e-08]
[5.  0.5 0.4]
[ 0.03104901  1.         20.        ]
[ 1.00000000e+00 -8.88178420e-16  5.05324671e-11]
[1.00107175e+00 1.13242749e-13 2.55350185e-10]
[ 8.87450128e-03 -4.78349999e-16  3.21477547e-06]
[-1.52162286e-05  5.70951681e-14 -1.99528802e-07]
[ 7.86258459e-03  5.70951681e-14 -1.99528802e-07]
[ 9.99732195e-01 -1.38777878e-15  1.94979175e-07]
[6.  0.6 0.4]
[ 0.04504879  1.         20.        ]
[1.00000000e+00 4.44089210e-16 1.07409515e-09]
[ 1.00285534e+00 -8.88178420e-16  1.92187288e-09]
[1.73790800e-02 1.86482774e-17 6.24310671e-06]
[-1.38144454e-04 -6.67813979e-16 -5.62064933e-07]
[ 1.68805673e-02 -6.67813979e-16 -5.62064933e-07]
[ 9.99287114e-01 -2.22044605e-16  5.27349785e-07]
[7.  0.7 0.4]
[ 0.05988024  1.         20.        ]
[ 1.00000000e+00 -7.77156117e-16  8.26713453e-09]
[ 1.00637236e+00 -3.44169138e-14  1.59476995e-08]
[3.04302289e-02 9.83154530e-16 1.09697030e-05]
[-4.58158912e-04 -1.69376219e-14 -1.30989661e-06]
[ 3.10881655e-02 -1.69376219e-14 -1.30989661e-06]
[ 9.98411678e-01 -1.44328993e-15  1.19865029e-06]
