[0.  0.  0.8]
[ 0.  1. 30.]
[1. 0. 0.]
[1. 0. 0.]
[0. 0. 0.]
[0. 0. 0.]
[0. 0. 0.]
[1. 0. 0.]
[1.  0.1 0.8]
[1.99441262e-17 1.00000000e+00 3.00000000e+01]
[ 1.00000000e+00 -1.11022302e-16  8.46146694e-26]
[ 1.00000001e+00 -1.11022302e-16  1.57009246e-16]
[ 8.13670435e-06 -2.75285708e-21  2.91376317e-09]
[3.31305827e-09 1.09806658e-37 7.85046228e-17]
[3.31305827e-09 1.09806658e-37 7.85046228e-17]
[ 9.99999998e-01 -2.77555756e-17  1.18640485e-12]
[2.  0.2 0.8]
[6.06426037e-04 1.00000000e+00 3.00000000e+01]
[ 1.00000000e+00 -5.55111512e-17  1.69935768e-23]
[1.00000041e+00 1.11022302e-16 2.03666172e-23]
[ 7.99007505e-05 -1.86347248e-20  2.86127533e-08]
[ 1.05974982e-07  8.32667494e-17 -3.47030372e-11]
[ 3.04794393e-06  8.32667494e-17 -3.47030372e-11]
[ 9.99999899e-01 -2.77555756e-17  7.26483434e-11]
[3.  0.3 0.8]
[2.35639831e-03 1.00000000e+00 3.00000000e+01]
[1.00000000e+00 2.22044605e-16 1.80676928e-22]
[ 1.00000441e+00 -7.77156117e-16  1.57009246e-16]
[3.53071239e-04 3.38813179e-19 1.26434560e-07]
[ 5.43401441e-07 -4.99601958e-16 -5.95860291e-10]
[ 4.49697947e-05 -4.99601958e-16 -5.95860291e-10]
[9.99998896e-01 3.33066907e-16 7.90533347e-10]
[4.  0.4 0.8]
[5.14595808e-03 1.00000000e+00 3.00000000e+01]
[1.00000000e+00 1.48214774e-14 3.05361792e-15]
[ 1.00002365e+00 -4.94049246e-14  6.77327041e-15]
[1.04650148e-03 9.03411460e-17 3.74721830e-07]
[ 1.05467543e-06 -3.21141308e-14 -3.85660380e-09]
[ 2.13019996e-04 -3.21141308e-14 -3.85660380e-09]
[9.99994087e-01 2.20656826e-14 4.23675314e-09]
[5.  0.5 0.8]
[8.8711466e-03 1.0000000e+00 3.0000000e+01]
[ 1.00000000e+00 -5.55111512e-17  7.77156117e-15]
[1.00008586e+00 0.00000000e+00 1.58765774e-14]
[ 2.44955994e-03 -3.25260652e-19  8.76940697e-07]
[-5.30701555e-07  2.77613465e-17 -1.55589349e-08]
[ 6.30089905e-04  2.77613465e-17 -1.55589349e-08]
[9.99978536e-01 2.22044605e-16 1.53935169e-08]
[6.  0.6 0.8]
[1.34280051e-02 1.00000000e+00 3.00000000e+01]
[1.00000000e+00 3.88578059e-16 3.47555322e-13]
[1.00024351e+00 7.77156117e-16 6.97109046e-13]
[ 4.91069608e-03 -4.11996826e-18  1.75733238e-06]
[-1.01256531e-05  1.94399675e-16 -4.71947615e-08]
[ 1.43787000e-03  1.94399675e-16 -4.71947615e-08]
[9.99939128e-01 2.77555756e-17 4.37166236e-08]
[7.  0.7 0.8]
[1.87125749e-02 1.00000000e+00 3.00000000e+01]
[1.00000000e+00 2.77555756e-16 2.02121653e-12]
[1.00058201e+00 1.37667655e-14 2.80497847e-12]
[ 8.82491335e-03 -4.20670443e-17  3.12606894e-06]
[-3.92679706e-05  6.74617924e-15 -1.16993206e-07]
[ 2.78302348e-03  6.74617924e-15 -1.16993206e-07]
[9.99854535e-01 4.99600361e-16 1.05640581e-07]
[8.  0.8 0.8]
[2.46208971e-02 1.00000000e+00 3.00000000e+01]
[1.00000000e+00 2.22044605e-16 5.92254024e-11]
[1.00122639e+00 4.44089210e-16 6.74632461e-10]
[1.46205203e-02 4.77048956e-18 5.23358289e-06]
[-1.06743830e-04  1.10787395e-16 -2.57403308e-07]
[ 4.80677473e-03  1.10787395e-16 -2.57403308e-07]
[9.99693579e-01 2.22044605e-16 2.21654256e-07]
[9.  0.9 0.8]
[ 0.03104901  1.         30.        ]
[1.00000000e+00 2.22044605e-16 9.32917632e-11]
[1.00234543e+00 1.11022302e-16 2.81144219e-10]
[ 2.27433132e-02 -2.25514052e-17  8.15226939e-06]
[-2.39602215e-04 -5.41107535e-17 -5.06145912e-07]
[ 7.63819860e-03 -5.41107535e-17 -5.06145912e-07]
[9.99414300e-01 5.55111512e-17 4.25646296e-07]
[10.   1.   0.8]
[ 0.03789296  1.         30.        ]
[1.00000000e+00 0.00000000e+00 3.04879455e-11]
[1.00415204e+00 3.33066907e-16 2.97161851e-10]
[3.36396183e-02 2.16840434e-17 1.20803905e-05]
[-4.73388458e-04  1.64890108e-16 -9.15390266e-07]
[ 1.13894021e-02  1.64890108e-16 -9.15390266e-07]
[ 9.98964073e-01 -1.08246745e-15  7.56664940e-07]
[11.   1.1  0.8]
[ 0.04504879  1.         30.        ]
[ 9.99999999e-01 -1.66533454e-16  4.07599010e-10]
[1.00689927e+00 1.11022302e-16 9.30347133e-10]
[ 4.77370841e-02 -7.80625564e-18  1.71317448e-05]
[-8.51359427e-04  1.39481203e-16 -1.54326742e-06]
[ 1.61673524e-02  1.39481203e-16 -1.54326742e-06]
[9.98281029e-01 8.32667268e-17 1.26691737e-06]
[12.   1.2  0.8]
[ 0.05241254  1.         30.        ]
[9.99999999e-01 7.21644966e-16 1.98114525e-10]
[1.01087086e+00 0.00000000e+00 1.37496792e-10]
[6.54220372e-02 7.45931095e-17 2.35222833e-05]
[-1.42243997e-03 -3.68641711e-16 -2.46575535e-06]
[ 2.20653232e-02 -3.68641711e-16 -2.46575535e-06]
[ 9.97297056e-01 -3.60822483e-16  2.01059453e-06]
[13.   1.3  0.8]
[ 0.05988024  1.         30.        ]
[ 9.99999998e-01 -6.66133815e-16  2.54012478e-10]
[1.01636659e+00 1.11022302e-16 8.26410940e-10]
[8.70163855e-02 3.46944695e-17 3.13424985e-05]
[-2.23782820e-03  3.84423032e-16 -3.75330644e-06]
[ 2.93084962e-02  3.84423032e-16 -3.75330644e-06]
[9.95942504e-01 1.74860126e-15 3.05232127e-06]
