[0.  0.  0.4]
[ 0.  1. 20.]
[1. 0. 0.]
[1. 0. 0.]
[0. 0. 0.]
[0. 0. 0.]
[0. 0. 0.]
[1. 0. 0.]
[1.  0.1 0.4]
[-5.31843365e-17  1.00000000e+00  2.00000000e+01]
[ 1.00000000e+00 -1.66533454e-16  2.83052443e-16]
[ 1.00000010e+00 -1.11022302e-16  1.57009246e-16]
[ 3.18543295e-05 -1.69406589e-21  1.14071454e-08]
[ 5.07772264e-08  2.77555756e-17 -6.30215975e-17]
[ 5.07772264e-08  2.77555756e-17 -6.30215975e-17]
[9.99999975e-01 0.00000000e+00 1.81823185e-11]
[2.  0.2 0.4]
[2.35639831e-03 1.00000000e+00 2.00000000e+01]
[1.00000000e+00 5.55111512e-16 1.75541673e-16]
[ 1.00000594e+00 -1.44328993e-15  4.72689563e-22]
[3.07143974e-04 6.91178885e-19 1.09999994e-07]
[ 1.52240429e-06 -9.99203980e-16 -5.18407690e-10]
[ 4.59487975e-05 -9.99203980e-16 -5.18407690e-10]
[9.99998515e-01 7.21644966e-16 1.06392758e-09]
[3.  0.3 0.4]
[8.8711466e-03 1.0000000e+00 2.0000000e+01]
[ 1.00000000e+00 -3.88578059e-16  3.16462252e-15]
[ 1.00006152e+00 -1.11022302e-16  6.32924505e-15]
[ 1.33273761e-03 -2.43945489e-19  4.77197783e-07]
[ 7.11644198e-06  1.38782206e-16 -8.46658140e-09]
[ 6.37737048e-04  1.38782206e-16 -8.46658140e-09]
[9.99984619e-01 8.32667268e-17 1.10428383e-08]
[4.  0.4 0.4]
[1.87125749e-02 1.00000000e+00 2.00000000e+01]
[1.00000000e+00 5.55111512e-17 4.71678255e-13]
[1.00031262e+00 1.55431223e-15 9.45354912e-13]
[ 3.87335742e-03 -7.04731412e-18  1.38522642e-06]
[ 1.13477021e-05  7.49664288e-16 -5.18420694e-08]
[ 2.83363915e-03  7.49664288e-16 -5.18420694e-08]
[9.99921856e-01 2.77555756e-17 5.63825499e-08]
[5.  0.5 0.4]
[ 0.03104901  1.         20.        ]
[1.00000000e+00 5.55111512e-17 5.96275251e-11]
[1.00107175e+00 1.11022302e-16 5.68148861e-11]
[ 8.87476131e-03 -1.10588622e-17  3.18961690e-06]
[-1.52325628e-05  2.84423091e-17 -1.98070320e-07]
[ 7.86256825e-03  2.84423091e-17 -1.98070320e-07]
[9.99732196e-01 5.27355937e-16 1.95583179e-07]
[6.  0.6 0.4]
[ 0.04504879  1.         20.        ]
[1.00000000e+00 4.44089210e-16 7.85508325e-11]
[ 1.00285541e+00 -2.22044605e-16  9.04956221e-10]
[1.73794451e-02 1.82145965e-17 6.18310183e-06]
[-1.38140637e-04 -3.34707999e-16 -5.56669326e-07]
[ 1.68805712e-02 -3.34707999e-16 -5.56669326e-07]
[9.99287089e-01 6.10622664e-16 5.29847021e-07]
[7.  0.7 0.4]
[ 0.05988024  1.         20.        ]
[1.00000000e+00 0.00000000e+00 4.68682315e-11]
[ 1.00637279e+00 -2.22044605e-16  9.06169584e-11]
[ 3.04324939e-02 -1.58727198e-16  1.09786738e-05]
[-4.58215168e-04 -9.20130572e-17 -1.31478936e-06]
[ 3.10881093e-02 -9.20130572e-17 -1.31478936e-06]
[9.98411573e-01 2.77555756e-17 1.20178244e-06]
