[0.  0.  0.8]
[ 0.  1. 30.]
[1. 0. 0.]
[1. 0. 0.]
[0. 0. 0.]
[0. 0. 0.]
[0. 0. 0.]
[1. 0. 0.]
[1.  0.1 0.8]
[1.99441262e-17 1.00000000e+00 3.00000000e+01]
[1.00000000e+00 5.55111512e-17 7.85046229e-17]
[1.00000001e+00 1.11022302e-16 1.57009246e-16]
[8.13670435e-06 4.23516474e-22 2.91376156e-09]
[3.31305827e-09 2.77555756e-17 3.92523114e-17]
[3.31305827e-09 2.77555756e-17 3.92523114e-17]
[ 9.99999998e-01 -2.77555756e-17  1.18650783e-12]
[2.  0.2 0.8]
[6.06426037e-04 1.00000000e+00 3.00000000e+01]
[1.00000000e+00 5.55111512e-17 7.77156117e-15]
[1.00000041e+00 0.00000000e+00 1.58765774e-14]
[7.99007517e-05 0.00000000e+00 2.86122780e-08]
[ 1.05974986e-07 -2.77555756e-17 -3.46984082e-11]
[ 3.04794394e-06 -2.77555756e-17 -3.46984082e-11]
[ 9.99999899e-01 -8.32667268e-17  7.26465325e-11]
[3.  0.3 0.8]
[2.35639831e-03 1.00000000e+00 3.00000000e+01]
[ 1.00000000e+00 -5.55111512e-17  3.58268970e-13]
[ 1.00000441e+00 -1.22124533e-15  7.16537940e-13]
[3.53071294e-04 4.13352078e-19 1.26426184e-07]
[ 5.43401741e-07 -5.82869036e-16 -5.95641758e-10]
[ 4.49697950e-05 -5.82869036e-16 -5.95641758e-10]
[9.99998896e-01 1.38777878e-16 7.90422612e-10]
[4.  0.4 0.8]
[5.14595808e-03 1.00000000e+00 3.00000000e+01]
[ 1.00000000e+00 -1.66533454e-16  6.14874818e-12]
[ 1.00002365e+00 -8.16013923e-14  1.22949428e-11]
[1.04650236e-03 9.53826861e-17 3.74695235e-07]
[ 1.05468218e-06 -4.07184111e-14 -3.85325885e-09]
[ 2.13020003e-04 -4.07184111e-14 -3.85325885e-09]
[9.99994087e-01 0.00000000e+00 4.23485397e-09]
[5.  0.5 0.8]
[8.8711466e-03 1.0000000e+00 3.0000000e+01]
[ 1.00000000e+00 -1.66533454e-16  5.33166289e-11]
[1.00008586e+00 0.00000000e+00 1.06594955e-10]
[2.44956756e-03 4.87890978e-19 8.77580216e-07]
[-5.30628556e-07  8.32580705e-17 -1.55436463e-08]
[ 6.30089978e-04  8.32580705e-17 -1.55436463e-08]
[ 9.99978536e-01 -1.11022302e-16  1.53772200e-08]
[6.  0.6 0.8]
[1.34280051e-02 1.00000000e+00 3.00000000e+01]
[1.00000000e+00 1.11022302e-16 1.91853589e-10]
[1.00024351e+00 4.44089210e-16 3.83575616e-10]
[ 4.91070598e-03 -4.66206934e-18  1.76351579e-06]
[-1.01252187e-05  1.66658658e-16 -4.72651370e-08]
[ 1.43787044e-03  1.66658658e-16 -4.72651370e-08]
[ 9.99939128e-01 -2.77555756e-17  4.37637681e-08]
[7.  0.7 0.8]
[1.87125749e-02 1.00000000e+00 3.00000000e+01]
[ 1.00000000e+00 -5.55111512e-17  3.24530403e-10]
[1.00058201e+00 1.31006317e-14 7.41861794e-10]
[ 8.82491378e-03 -1.23165367e-16  3.15610517e-06]
[-3.92662179e-05  6.58268090e-15 -1.17909043e-07]
[ 2.78302523e-03  6.58268090e-15 -1.17909043e-07]
[ 9.99854535e-01 -2.22044605e-16  1.04654701e-07]
[8.  0.8 0.8]
[2.46208971e-02 1.00000000e+00 3.00000000e+01]
[ 1.00000000e+00 -1.55431223e-15  1.37270278e-09]
[1.00122639e+00 1.65645275e-13 2.59302801e-09]
[ 1.46204837e-02 -2.25644156e-15  5.24871591e-06]
[-1.06746034e-04  8.37109050e-14 -2.57846026e-07]
[ 4.80677253e-03  8.37109050e-14 -2.57846026e-07]
[ 9.99693581e-01 -2.10942375e-15  2.21626624e-07]
[9.  0.9 0.8]
[ 0.03104901  1.         30.        ]
[1.00000000e+00 1.11022302e-16 2.50689891e-09]
[ 1.00234537e+00 -4.44089210e-16  5.01345565e-09]
[2.27427999e-02 9.10729825e-18 8.21700788e-06]
[-2.39595814e-04 -2.78121301e-16 -5.09006692e-07]
[ 7.63820500e-03 -2.78121301e-16 -5.09006692e-07]
[9.99414313e-01 2.22044605e-16 4.24960845e-07]
[10.   1.   0.8]
[ 0.03789296  1.         30.        ]
[1.00000000e+00 0.00000000e+00 5.67998332e-09]
[ 1.00415186e+00 -4.55191440e-15  1.13615406e-08]
[3.36380383e-02 1.53523028e-16 1.23454135e-05]
[-4.73361744e-04 -2.28759209e-15 -9.32767838e-07]
[ 1.13894288e-02 -2.28759209e-15 -9.32767838e-07]
[9.98964120e-01 4.99600361e-16 7.56060279e-07]
[11.   1.1  0.8]
[ 0.04504879  1.         30.        ]
[ 1.00000000e+00 -1.55431223e-15  1.21728999e-08]
[ 1.00689873e+00 -3.93018951e-14  2.43575430e-08]
[4.77328514e-02 1.60375185e-15 1.80697375e-05]
[-8.51250597e-04 -1.90182856e-14 -1.62194734e-06]
[ 1.61674612e-02 -1.90182856e-14 -1.62194734e-06]
[ 9.98281158e-01 -3.24740235e-15  1.26374775e-06]
[12.   1.2  0.8]
[ 0.05241254  1.         30.        ]
[ 1.00000000e+00 -1.14352972e-14  2.44046162e-08]
[ 1.01086947e+00 -2.75113266e-13  4.88664560e-08]
[6.54124583e-02 1.52430152e-14 2.61225729e-05]
[-1.42213169e-03 -1.33436834e-13 -2.72606967e-06]
[ 2.20656314e-02 -1.33436834e-13 -2.72606967e-06]
[ 9.97297375e-01 -1.90680804e-14  2.00464123e-06]
[13.   1.3  0.8]
[ 0.05988024  1.         30.        ]
[1.00000000e+00 5.55111512e-16 4.57537457e-08]
[1.01636339e+00 1.33226763e-15 9.17509364e-08]
[ 8.69965040e-02 -1.45716772e-16  3.76493149e-05]
[-2.23705049e-03  4.06029169e-16 -4.48590139e-06]
[ 2.93092740e-02  4.06029169e-16 -4.48590139e-06]
[ 9.95943197e-01 -2.49800181e-16  3.04042759e-06]
