[0.  0.  0.4]
[ 0.  1. 20.]
[1. 0. 0.]
[1. 0. 0.]
[0. 0. 0.]
[0. 0. 0.]
[0. 0. 0.]
[1. 0. 0.]
[1.  0.1 0.4]
[-5.31843365e-17  1.00000000e+00  2.00000000e+01]
[ 1.00000000e+00 -1.11022302e-16  1.57009246e-16]
[1.00000010e+00 0.00000000e+00 1.57009246e-16]
[3.18543295e-05 1.01643954e-20 1.14071455e-08]
[5.07772266e-08 5.55111512e-17 1.21336306e-24]
[5.07772266e-08 5.55111512e-17 1.21336306e-24]
[ 9.99999975e-01 -2.77555756e-17  1.81818218e-11]
[2.  0.2 0.4]
[2.35639831e-03 1.00000000e+00 2.00000000e+01]
[1.00000000e+00 1.11022302e-15 1.57009246e-16]
[ 1.00000594e+00 -2.22044605e-16  3.51083347e-16]
[3.07143974e-04 8.26704157e-19 1.09999964e-07]
[ 1.52240429e-06 -6.66137711e-16 -5.18407362e-10]
[ 4.59487975e-05 -6.66137711e-16 -5.18407362e-10]
[9.99998515e-01 1.60982339e-15 1.06392760e-09]
[3.  0.3 0.4]
[8.8711466e-03 1.0000000e+00 2.0000000e+01]
[1.00000000e+00 1.11022302e-16 8.80962145e-14]
[1.00006152e+00 1.11022302e-16 1.76525461e-13]
[ 1.33273762e-03 -5.42101086e-20  4.77198563e-07]
[ 7.11644137e-06  9.61811641e-22 -8.46655259e-09]
[ 6.37737047e-04  9.61811641e-22 -8.46655259e-09]
[ 9.99984619e-01 -1.11022302e-16  1.10428021e-08]
[4.  0.4 0.4]
[1.87125749e-02 1.00000000e+00 2.00000000e+01]
[ 1.00000000e+00 -5.55111512e-17  3.17851301e-12]
[1.00031262e+00 1.55431223e-15 6.37034869e-12]
[ 3.87335725e-03 -7.58941521e-18  1.38518440e-06]
[ 1.13476932e-05  8.05195728e-16 -5.18391378e-08]
[ 2.83363914e-03  8.05195728e-16 -5.18391378e-08]
[ 9.99921856e-01 -8.32667268e-17  5.63822504e-08]
[5.  0.5 0.4]
[ 0.03104901  1.         20.        ]
[1.00000000e+00 0.00000000e+00 4.91506835e-11]
[ 1.00107174e+00 -1.11022302e-16  3.21695670e-10]
[8.87476515e-03 1.12757026e-17 3.18928993e-06]
[-1.52330507e-05 -5.62113501e-17 -1.97912337e-07]
[ 7.86256776e-03 -5.62113501e-17 -1.97912337e-07]
[9.99732196e-01 3.88578059e-16 1.95539783e-07]
[6.  0.6 0.4]
[ 0.04504879  1.         20.        ]
[1.0000000e+00 0.0000000e+00 1.9520362e-09]
[ 1.00285541e+00 -1.11022302e-16  3.15374138e-09]
[1.73795163e-02 6.07153217e-18 6.21261968e-06]
[-1.38147197e-04 -5.60581816e-17 -5.59141162e-07]
[ 1.68805646e-02 -5.60581816e-17 -5.59141162e-07]
[ 9.99287093e-01 -1.11022302e-16  5.30081607e-07]
[7.  0.7 0.4]
[ 0.05988024  1.         20.        ]
[9.99999999e-01 1.66533454e-16 6.40549064e-09]
[1.00637277e+00 4.44089210e-16 1.30889645e-08]
[ 3.04323929e-02 -5.63785130e-17  1.09625685e-05]
[-4.58210143e-04  1.45529796e-16 -1.30954071e-06]
[ 3.10881143e-02  1.45529796e-16 -1.30954071e-06]
[ 9.98411572e-01 -9.15933995e-16  1.20429958e-06]
