[0.  0.  0.2]
[ 0.  1. 10.]
[1. 0. 0.]
[1. 0. 0.]
[0. 0. 0.]
[0. 0. 0.]
[0. 0. 0.]
[1. 0. 0.]
[1.  0.1 0.2]
[-2.65921683e-17  1.00000000e+00  1.00000000e+01]
[ 1.00000000e+00 -1.11022302e-16  7.85046229e-17]
[1.00000149e+00 0.00000000e+00 2.22044605e-16]
[1.21877299e-04 1.18584613e-20 4.36487843e-08]
[7.43324056e-07 5.55111512e-17 7.17699933e-17]
[7.43324056e-07 5.55111512e-17 7.17699933e-17]
[9.99999628e-01 1.94289029e-16 2.66208580e-10]
[2.  0.2 0.2]
[8.8711466e-03 1.0000000e+00 1.0000000e+01]
[1.00000000e+00 5.55111512e-17 2.92604021e-21]
[1.00007853e+00 1.11022302e-16 1.57009246e-16]
[ 1.12885538e-03 -7.58941521e-19  4.04702785e-07]
[ 1.92389674e-05  2.77690410e-17 -7.18035539e-09]
[ 6.49859574e-04  2.77690410e-17 -7.18035539e-09]
[9.99980367e-01 0.00000000e+00 1.41442007e-08]
[3.  0.3 0.2]
[ 0.03104901  1.         10.        ]
[ 1.00000000e+00 -5.55111512e-17  1.71662129e-11]
[ 1.00072275e+00 -1.11022302e-16  1.34866673e-10]
[ 4.69290227e-03 -1.73472348e-18  1.68506251e-06]
[ 6.99561191e-05 -2.76478527e-17 -1.04580206e-07]
[ 7.94775693e-03 -2.76478527e-17 -1.04580206e-07]
[ 9.99819370e-01 -2.77555756e-17  1.34255678e-07]
[4.  0.4 0.2]
[ 0.05988024  1.         10.        ]
[1.00000000e+00 5.55111512e-17 6.31372510e-10]
[ 1.00320556e+00 -1.11022302e-16  1.66071767e-09]
[ 1.29851314e-02 -1.51788304e-17  4.69155054e-06]
[ 4.76749634e-05 -8.14489028e-17 -5.61347668e-07]
[ 3.15939994e-02 -8.14489028e-17 -5.61347668e-07]
[ 9.99199788e-01 -8.32667268e-17  6.20041119e-07]
