[0.  0.  0.2]
[ 0.  1. 10.]
[1. 0. 0.]
[1. 0. 0.]
[0. 0. 0.]
[0. 0. 0.]
[0. 0. 0.]
[1. 0. 0.]
[1.  0.1 0.2]
[-2.65921683e-17  1.00000000e+00  1.00000000e+01]
[1.00000000e+00 0.00000000e+00 1.11022302e-16]
[ 1.00000149e+00 -1.11022302e-16  2.22044605e-16]
[1.21877299e-04 1.52465931e-20 4.36487623e-08]
[ 7.43324056e-07 -5.55111512e-17  5.55111536e-17]
[ 7.43324056e-07 -5.55111512e-17  5.55111536e-17]
[9.99999628e-01 8.32667268e-17 2.66208211e-10]
[2.  0.2 0.2]
[8.8711466e-03 1.0000000e+00 1.0000000e+01]
[1.00000000e+00 0.00000000e+00 1.37856393e-12]
[1.00007853e+00 1.11022302e-16 2.76267897e-12]
[1.12885528e-03 3.25260652e-19 4.04678654e-07]
[ 1.92389720e-05  5.55053804e-17 -7.17923528e-09]
[ 6.49859578e-04  5.55053804e-17 -7.17923528e-09]
[9.99980367e-01 1.11022302e-16 1.41445598e-08]
[3.  0.3 0.2]
[ 0.03104901  1.         10.        ]
[1.00000000e+00 6.10622664e-16 6.56288912e-11]
[1.00072275e+00 2.90878432e-14 2.00327421e-10]
[ 4.69290586e-03 -1.10046521e-16  1.68637759e-06]
[ 6.99569273e-05  1.42454440e-14 -1.04653371e-07]
[ 7.94775774e-03  1.42454440e-14 -1.04653371e-07]
[9.99819369e-01 4.71844785e-16 1.34513114e-07]
[4.  0.4 0.2]
[ 0.05988024  1.         10.        ]
[ 9.99999999e-01 -5.55111512e-17  2.26929731e-09]
[ 1.00320557e+00 -1.22124533e-15  5.22836707e-09]
[1.29850801e-02 2.53703308e-17 4.67125160e-06]
[ 4.76856815e-05 -5.85905451e-16 -5.57951795e-07]
[ 3.15940101e-02 -5.85905451e-16 -5.57951795e-07]
[9.99199785e-01 1.66533454e-16 6.20280275e-07]
