[0.  0.  1.6]
[ 0.  1. 40.]
[1. 0. 0.]
[1. 0. 0.]
[0. 0. 0.]
[0. 0. 0.]
[0. 0. 0.]
[1. 0. 0.]
[1.  0.1 1.6]
[1.99441262e-17 1.00000000e+00 4.00000000e+01]
[1.00000000e+00 1.11022302e-16 1.75541673e-16]
[1.00000000e+00 1.11022302e-16 3.42010639e-26]
[2.05581627e-06 3.70576914e-22 7.36189857e-10]
[ 2.11495377e-10 -1.47816655e-38 -8.77708367e-17]
[ 2.11495377e-10 -1.47816655e-38 -8.77708367e-17]
[1.00000000e+00 5.55111512e-17 7.54734683e-14]
[2.  0.2 1.6]
[1.53772316e-04 1.00000000e+00 4.00000000e+01]
[ 1.00000000e+00 -5.55111512e-17  7.85046229e-17]
[1.00000003e+00 0.00000000e+00 1.48473277e-24]
[2.03644999e-05 4.65868121e-21 7.29255119e-09]
[ 6.97462591e-09  2.77555742e-17 -2.24282423e-12]
[ 1.96093970e-07  2.77555742e-17 -2.24282423e-12]
[9.99999993e-01 2.77555756e-17 4.73976247e-12]
[3.  0.3 1.6]
[6.06426037e-04 1.00000000e+00 4.00000000e+01]
[1.00000000e+00 5.55111512e-17 1.75541673e-16]
[1.00000029e+00 0.00000000e+00 9.46251615e-24]
[9.07523452e-05 1.01643954e-20 3.24984971e-08]
[ 3.72460426e-08 -2.77555879e-17 -3.94159574e-11]
[ 2.97921499e-06 -2.77555879e-17 -3.94159574e-11]
[9.99999926e-01 2.77555756e-17 5.27497502e-11]
[4.  0.4 1.6]
[1.34496632e-03 1.00000000e+00 4.00000000e+01]
[ 1.00000000e+00 -1.11022302e-16  1.75541673e-16]
[ 1.00000162e+00 -1.11022302e-16  1.57009246e-16]
[ 2.71377102e-04 -2.03287907e-20  9.71798887e-08]
[ 7.78720078e-08  5.46830776e-23 -2.61407363e-10]
[ 1.45498049e-05  5.46830776e-23 -2.61407363e-10]
[9.99999596e-01 0.00000000e+00 2.89280928e-10]
[5.  0.5 1.6]
[2.35639831e-03 1.00000000e+00 4.00000000e+01]
[1.00000000e+00 6.10622664e-16 1.11022302e-16]
[ 1.00000601e+00 -1.33226763e-15  2.22044605e-16]
[6.41106984e-04 1.89735380e-18 2.29576794e-07]
[-1.66388572e-08 -9.71454088e-16 -1.08194868e-09]
[ 4.44097544e-05 -9.71454088e-16 -1.08194868e-09]
[9.99998498e-01 8.32667268e-16 1.07602402e-09]
[6.  0.6 1.6]
[3.62772718e-03 1.00000000e+00 4.00000000e+01]
[ 1.00000000e+00 -1.66533454e-16  5.71791804e-15]
[ 1.00001748e+00 -3.35287353e-14  1.14358361e-14]
[1.29768934e-03 4.65935884e-17 4.64682858e-07]
[-6.76179440e-07 -1.66814390e-14 -3.37148242e-09]
[ 1.04636115e-04 -1.66814390e-14 -3.37148242e-09]
[ 9.99995630e-01 -1.38777878e-16  3.12987075e-09]
[7.  0.7 1.6]
[5.14595808e-03 1.00000000e+00 4.00000000e+01]
[ 1.00000000e+00 -3.33066907e-16  9.65894031e-15]
[ 1.00004288e+00 -3.08642001e-13  1.88737914e-14]
[2.35572186e-03 7.80571354e-16 8.43508498e-07]
[-2.80275623e-06 -1.54162501e-13 -8.68131415e-09]
[ 2.09162565e-04 -1.54162501e-13 -8.68131415e-09]
[ 9.99989279e-01 -1.94289029e-16  7.68065698e-09]
[8.  0.8 1.6]
[6.89809617e-03 1.00000000e+00 4.00000000e+01]
[1.00000000e+00 5.55111512e-17 3.27515792e-13]
[ 1.00009288e+00 -1.11022302e-16  6.55808750e-13]
[ 3.94443662e-03 -1.08420217e-19  1.41227677e-06]
[-7.97982575e-06 -8.32652311e-17 -1.94838777e-08]
[ 3.73072183e-04 -8.32652311e-17 -1.94838777e-08]
[9.99976782e-01 5.55111512e-17 1.66384531e-08]
[9.  0.9 1.6]
[8.8711466e-03 1.0000000e+00 4.0000000e+01]
[ 1.00000000e+00 -5.55111512e-17  1.55614410e-12]
[1.00018281e+00 1.11022302e-16 3.11883852e-12]
[ 6.20530336e-03 -1.08420217e-18  2.22154214e-06]
[-1.86895893e-05  8.32859631e-17 -3.94144707e-08]
[ 6.11931017e-04  8.32859631e-17 -3.94144707e-08]
[ 9.99954300e-01 -8.32667268e-17  3.27612718e-08]
[10.   1.   1.6]
[1.10521145e-02 1.00000000e+00 4.00000000e+01]
[ 1.00000000e+00 -1.11022302e-16  3.37824213e-12]
[1.00033362e+00 1.22124533e-15 6.77613521e-12]
[ 9.28945298e-03 -1.45283091e-17  3.32525135e-06]
[-3.85250943e-05  6.66454952e-16 -7.35004186e-08]
[ 9.41187130e-04  6.66454952e-16 -7.35004186e-08]
[ 9.99916607e-01 -2.77555756e-17  5.98134240e-08]
[11.   1.1  1.6]
[1.34280051e-02 1.00000000e+00 4.00000000e+01]
[1.00000000e+00 3.33066907e-16 6.04460926e-12]
[1.00057255e+00 7.99360578e-15 2.09405826e-11]
[ 1.33548034e-02 -5.74627151e-17  4.73394446e-06]
[-7.23817645e-05  3.83181265e-15 -1.27127413e-07]
[ 1.37561389e-03  3.83181265e-15 -1.27127413e-07]
[ 9.99856900e-01 -1.66533454e-16  1.04018716e-07]
[12.   1.2  1.6]
[1.59858235e-02 1.00000000e+00 4.00000000e+01]
[ 1.00000000e+00 -4.44089210e-16  2.20700125e-11]
[1.00093375e+00 3.89688282e-14 4.44133619e-11]
[ 1.85636140e-02 -7.15139753e-16  6.64251905e-06]
[-1.26635557e-04  1.97293229e-14 -2.12361102e-07]
[ 1.92885429e-03  1.97293229e-14 -2.12361102e-07]
[ 9.99766672e-01 -2.22044605e-16  1.67541703e-07]
[13.   1.3  1.6]
[1.87125749e-02 1.00000000e+00 4.00000000e+01]
[ 1.00000000e+00 -2.22044605e-16  2.57952715e-10]
[ 1.00145865e+00 -2.22044605e-16  7.32029548e-10]
[ 2.50786777e-02 -7.80625564e-18  8.94630720e-06]
[-2.09250024e-04  2.92150286e-19 -3.34579848e-07]
[ 2.61304142e-03  2.92150286e-19 -3.34579848e-07]
[ 9.99635606e-01 -2.22044605e-16  2.62330400e-07]
[14.   1.4  1.6]
[2.15952643e-02 1.00000000e+00 4.00000000e+01]
[1.00000000e+00 3.33066907e-16 5.72885073e-11]
[ 1.00219606e+00 -4.44089210e-16  3.46629836e-10]
[ 3.30604049e-02 -8.67361738e-19  1.17873466e-05]
[-3.29865009e-04 -3.88540597e-16 -5.08957061e-07]
[ 3.43851795e-03 -3.88540597e-16 -5.08957061e-07]
[9.99451598e-01 5.82867088e-16 3.97474778e-07]
[15.   1.5  1.6]
[2.46208971e-02 1.00000000e+00 4.00000000e+01]
[1.00000000e+00 5.55111512e-16 1.23331612e-09]
[1.00320200e+00 3.33066907e-16 3.01841063e-09]
[ 4.26632130e-02 -2.86229374e-17  1.52692103e-05]
[-4.99811723e-04 -1.09612858e-16 -7.50990763e-07]
[ 4.41370684e-03 -1.09612858e-16 -7.50990763e-07]
[9.99200832e-01 4.16333634e-16 5.78214038e-07]
[16.   1.6  1.6]
[2.77764783e-02 1.00000000e+00 4.00000000e+01]
[1.00000000e+00 2.77555756e-16 1.06868348e-09]
[1.00453912e+00 3.33066907e-16 2.28880614e-09]
[ 5.40317075e-02 -1.73472348e-18  1.93534637e-05]
[-7.32062916e-04  2.78519446e-17 -1.07453207e-06]
[ 5.54485641e-03  2.78519446e-17 -1.07453207e-06]
[ 9.98867956e-01 -6.10622664e-16  8.20066903e-07]
[17.   1.7  1.6]
[3.10490131e-02 1.00000000e+00 4.00000000e+01]
[ 1.00000000e+00 -5.55111512e-17  9.68618463e-10]
[ 1.00627577e+00 -3.33066907e-16  1.97121552e-09]
[ 6.72969074e-02 -8.67361738e-18  2.41342058e-05]
[-1.04111888e-03 -1.38239264e-16 -1.49818525e-06]
[ 6.83668194e-03 -1.38239264e-16 -1.49818525e-06]
[9.98436399e-01 1.02695630e-15 1.13581892e-06]
[18.   1.8  1.6]
[3.44255066e-02 1.00000000e+00 4.00000000e+01]
[9.99999999e-01 7.77156117e-16 1.74682480e-09]
[1.00848473e+00 1.44328993e-15 3.44832329e-09]
[ 8.25720976e-02 -1.73472348e-17  2.96392146e-05]
[-1.44280685e-03  3.34261282e-16 -2.03983921e-06]
[ 8.29008489e-03  3.34261282e-16 -2.03983921e-06]
[9.97888807e-01 2.77555756e-16 1.53743656e-06]
[19.   1.9  1.6]
[3.78929641e-02 1.00000000e+00 4.00000000e+01]
[ 9.99999999e-01 -7.77156117e-16  2.57353711e-09]
[ 1.01124140e+00 -2.22044605e-16  5.34743061e-09]
[9.99487803e-02 2.74086309e-16 3.59068801e-05]
[-1.95401308e-03  2.56783871e-16 -2.71984929e-06]
[ 9.90877750e-03  2.56783871e-16 -2.71984929e-06]
[9.97207616e-01 1.33226763e-15 2.04042163e-06]
[20.   2.   1.6]
[ 0.04143839  1.         40.        ]
[ 9.99999999e-01 -8.88178420e-16  3.51089346e-09]
[ 1.01462165e+00 -3.33066907e-16  7.29119010e-09]
[1.19492539e-01 8.67361738e-18 4.29726259e-05]
[-2.59233186e-03  2.76836915e-16 -3.55954276e-06]
[ 1.16944062e-02  2.76836915e-16 -3.55954276e-06]
[ 9.96375772e-01 -8.32667268e-16  2.65971923e-06]
[21.   2.1  1.6]
[ 0.04504879  1.         40.        ]
[ 9.99999995e-01 -2.22044605e-16  4.86397550e-09]
[1.01869931e+00 8.88178420e-16 1.00352566e-08]
[1.41239111e-01 2.39391840e-16 5.08377001e-05]
[-3.37564503e-03  5.33542886e-16 -4.57776824e-06]
[ 1.36430668e-02  5.33542886e-16 -4.57776824e-06]
[9.95377595e-01 1.88737914e-15 3.41192438e-06]
[22.   2.2  1.6]
[ 0.04871117  1.         40.        ]
[ 9.99999991e-01 -7.21644966e-16  6.95420205e-09]
[1.02354327e+00 4.66293670e-15 1.47231384e-08]
[1.65190551e-01 8.32667268e-17 5.95320520e-05]
[-4.32161080e-03  2.68417880e-15 -5.79586751e-06]
[ 1.57516010e-02  2.68417880e-15 -5.79586751e-06]
[9.94199742e-01 1.05471187e-15 4.30711377e-06]
[23.   2.3  1.6]
[ 0.05241254  1.         40.        ]
[ 1.00000001e+00 -8.43769499e-15  5.62892055e-09]
[ 1.02921443e+00 -1.68753900e-14  1.17537790e-08]
[1.91312188e-01 1.66533454e-16 6.90532209e-05]
[-5.44710527e-03 -4.23630437e-15 -7.23544643e-06]
[ 1.80406579e-02 -4.23630437e-15 -7.23544643e-06]
[ 9.92832073e-01 -9.46465128e-15  5.35938332e-06]
[24.   2.4  1.6]
[ 0.05613989  1.         40.        ]
[1.00000002e+00 2.72004641e-14 2.96881164e-09]
[1.03576226e+00 5.79536419e-14 1.01691765e-08]
[2.19529997e-01 2.07472928e-15 7.93698845e-05]
[-6.76766108e-03  1.51436387e-14 -8.90803305e-06]
[ 2.04919197e-02  1.51436387e-14 -8.90803305e-06]
[9.91269426e-01 3.82471832e-14 6.57645856e-06]
[25.   2.5  1.6]
[ 0.05988024  1.         40.        ]
[1.00000005e+00 3.43058915e-14 2.17151197e-09]
[1.04322195e+00 7.96029909e-14 8.00146149e-09]
[2.49729021e-01 4.19456136e-15 9.04627869e-05]
[-8.29671822e-03  2.21462070e-14 -1.08309517e-05]
[ 2.32496062e-02  2.21462070e-14 -1.08309517e-05]
[9.89511892e-01 5.32351940e-14 7.96215519e-06]
