[0.  0.  0.4]
[ 0.  1. 20.]
[1. 0. 0.]
[1. 0. 0.]
[0. 0. 0.]
[0. 0. 0.]
[0. 0. 0.]
[1. 0. 0.]
[1.  0.1 0.4]
[-5.31843365e-17  1.00000000e+00  2.00000000e+01]
[1.00000000e+00 1.11022302e-16 1.57009246e-16]
[1.00000010e+00 0.00000000e+00 3.26583267e-24]
[3.18543295e-05 8.47032947e-21 1.14071454e-08]
[ 5.07772265e-08 -5.55111512e-17 -7.85046201e-17]
[ 5.07772265e-08 -5.55111512e-17 -7.85046201e-17]
[ 9.99999975e-01 -2.77555756e-17  1.81819369e-11]
[2.  0.2 0.4]
[2.35639831e-03 1.00000000e+00 2.00000000e+01]
[1.00000000e+00 3.33066907e-16 9.04848793e-15]
[ 1.00000594e+00 -1.88737914e-15  1.78749355e-14]
[3.07143973e-04 8.94466792e-19 1.09999651e-07]
[ 1.52240430e-06 -1.11022724e-15 -5.18401569e-10]
[ 4.59487975e-05 -1.11022724e-15 -5.18401569e-10]
[9.99998515e-01 3.60822483e-16 1.06392933e-09]
[3.  0.3 0.4]
[8.8711466e-03 1.0000000e+00 2.0000000e+01]
[ 1.00000000e+00 -1.72084569e-15  2.15272244e-13]
[ 1.00006152e+00 -7.95030708e-13  4.30544489e-13]
[1.33273752e-03 1.16427050e-15 4.77186298e-07]
[ 7.11644568e-06 -3.96675588e-13 -8.46627157e-09]
[ 6.37737052e-04 -3.96675588e-13 -8.46627157e-09]
[ 9.99984619e-01 -1.83186799e-15  1.10422343e-08]
[4.  0.4 0.4]
[1.87125749e-02 1.00000000e+00 2.00000000e+01]
[1.00000000e+00 1.11022302e-16 5.74141290e-11]
[1.00031262e+00 1.33226763e-15 1.15218834e-10]
[ 3.87335460e-03 -6.72205347e-18  1.38606304e-06]
[ 1.13478939e-05  6.10874237e-16 -5.18447145e-08]
[ 2.83363934e-03  6.10874237e-16 -5.18447145e-08]
[ 9.99921856e-01 -2.22044605e-16  5.63700408e-08]
[5.  0.5 0.4]
[ 0.03104901  1.         20.        ]
[ 1.00000000e+00 -7.21644966e-16  3.37861572e-10]
[1.00107175e+00 9.02611319e-14 4.75753881e-10]
[ 8.87472727e-03 -9.25041294e-16  3.18810699e-06]
[-1.52304848e-05  4.55488317e-14 -1.97906205e-07]
[ 7.86257033e-03  4.55488317e-14 -1.97906205e-07]
[ 9.99732196e-01 -1.08246745e-15  1.95845910e-07]
[6.  0.6 0.4]
[ 0.04504879  1.         20.        ]
[1.00000000e+00 3.88578059e-16 6.33384845e-10]
[ 1.00285541e+00 -7.77156117e-16  1.40473067e-09]
[1.73794169e-02 1.69135539e-17 6.19971238e-06]
[-1.38137804e-04 -5.84390958e-16 -5.58193425e-07]
[ 1.68805740e-02 -5.84390958e-16 -5.58193425e-07]
[9.99287089e-01 2.49800181e-16 5.29788862e-07]
[7.  0.7 0.4]
[ 0.05988024  1.         20.        ]
[1.00000000e+00 6.66133815e-15 1.26249983e-09]
[ 1.00637279e+00 -3.10862447e-14  1.80947712e-09]
[3.04320193e-02 1.35221695e-15 1.07476935e-05]
[-4.58158371e-04 -1.90357336e-14 -1.28687544e-06]
[ 3.10881661e-02 -1.90357336e-14 -1.28687544e-06]
[9.98411550e-01 1.11854970e-14 1.21034953e-06]
