[0.  0.  0.8]
[ 0.  1. 30.]
[1. 0. 0.]
[1. 0. 0.]
[0. 0. 0.]
[0. 0. 0.]
[0. 0. 0.]
[1. 0. 0.]
[1.  0.1 0.8]
[1.99441262e-17 1.00000000e+00 3.00000000e+01]
[1.00000000e+00 5.55111512e-17 1.11022302e-16]
[1.00000001e+00 0.00000000e+00 1.57009246e-16]
[8.13670435e-06 4.23516474e-21 2.91376317e-09]
[ 3.31305833e-09 -2.77555756e-17  2.29934716e-17]
[ 3.31305833e-09 -2.77555756e-17  2.29934716e-17]
[ 9.99999998e-01 -2.77555756e-17  1.18628371e-12]
[2.  0.2 0.8]
[6.06426037e-04 1.00000000e+00 3.00000000e+01]
[ 1.00000000e+00 -5.55111512e-17  7.85046229e-17]
[ 1.00000041e+00 -1.11022302e-16  1.57009246e-16]
[7.99007505e-05 1.18584613e-20 2.86127534e-08]
[ 1.05974982e-07 -2.77555900e-17 -3.47029981e-11]
[ 3.04794393e-06 -2.77555900e-17 -3.47029981e-11]
[9.99999899e-01 2.77555756e-17 7.26483919e-11]
[3.  0.3 0.8]
[2.35639831e-03 1.00000000e+00 3.00000000e+01]
[1.00000000e+00 5.55111512e-17 2.22044605e-16]
[ 1.00000441e+00 -7.77156117e-16  3.51083347e-16]
[3.53071239e-04 3.72694497e-19 1.26434592e-07]
[ 5.43401442e-07 -4.16335391e-16 -5.95860454e-10]
[ 4.49697947e-05 -4.16335391e-16 -5.95860454e-10]
[9.99998896e-01 1.38777878e-16 7.90533668e-10]
[4.  0.4 0.8]
[5.14595808e-03 1.00000000e+00 3.00000000e+01]
[1.00000000e+00 7.27196081e-15 2.60347891e-14]
[ 1.00002365e+00 -6.15063556e-14  5.22916223e-14]
[1.04650148e-03 8.70614345e-17 3.74721645e-07]
[ 1.05467552e-06 -3.43900542e-14 -3.85659063e-09]
[ 2.13019996e-04 -3.43900542e-14 -3.85659063e-09]
[9.99994087e-01 1.09356968e-14 4.23677030e-09]
[5.  0.5 0.8]
[8.8711466e-03 1.0000000e+00 3.0000000e+01]
[1.00000000e+00 0.00000000e+00 2.18880476e-13]
[ 1.00008586e+00 -1.11022302e-16  4.38649131e-13]
[ 2.44955993e-03 -7.58941521e-19  8.76943906e-07]
[-5.30698676e-07 -5.54976859e-17 -1.55588860e-08]
[ 6.30089907e-04 -5.54976859e-17 -1.55588860e-08]
[ 9.99978536e-01 -5.55111512e-17  1.53934106e-08]
[6.  0.6 0.8]
[1.34280051e-02 1.00000000e+00 3.00000000e+01]
[1.00000000e+00 5.55111512e-17 5.26773070e-12]
[1.00024351e+00 5.55111512e-16 1.05588871e-11]
[ 4.91069592e-03 -2.92734587e-18  1.75727865e-06]
[-1.01256138e-05  2.49878797e-16 -4.71908477e-08]
[ 1.43787004e-03  2.49878797e-16 -4.71908477e-08]
[9.99939128e-01 2.22044605e-16 4.37152760e-08]
[7.  0.7 0.8]
[1.87125749e-02 1.00000000e+00 3.00000000e+01]
[ 1.00000000e+00 -5.55111512e-17  4.48678872e-11]
[1.00058201e+00 1.03250741e-14 7.72948372e-11]
[ 8.82490814e-03 -4.01154804e-17  3.12266132e-06]
[-3.92675102e-05  5.19179397e-15 -1.16849854e-07]
[ 2.78302394e-03  5.19179397e-15 -1.16849854e-07]
[9.99854535e-01 8.32667268e-17 1.05637663e-07]
[8.  0.8 0.8]
[2.46208971e-02 1.00000000e+00 3.00000000e+01]
[ 1.00000000e+00 -1.66533454e-16  1.09977621e-09]
[ 1.00122639e+00 -3.33066907e-16  2.86460788e-09]
[ 1.46204996e-02 -5.42101086e-18  5.23965054e-06]
[-1.06742534e-04 -8.29997865e-17 -2.57127378e-07]
[ 4.80677603e-03 -8.29997865e-17 -2.57127378e-07]
[9.99693579e-01 2.77555756e-17 2.21757174e-07]
[9.  0.9 0.8]
[ 0.03104901  1.         30.        ]
[1.00000000e+00 0.00000000e+00 1.62417974e-09]
[1.00234542e+00 0.00000000e+00 4.67343164e-09]
[ 2.27431364e-02 -5.63785130e-18  8.09543920e-06]
[-2.39594318e-04  3.50099437e-19 -5.01186169e-07]
[ 7.63820650e-03  3.50099437e-19 -5.01186169e-07]
[ 9.99414294e-01 -8.32667268e-17  4.26891429e-07]
[10.   1.   0.8]
[ 0.03789296  1.         30.        ]
[ 1.00000000e+00 -4.99600361e-16  1.78501414e-09]
[ 1.00415202e+00 -3.33066907e-16  1.23018776e-08]
[ 3.36392280e-02 -2.25514052e-17  1.18622000e-05]
[-4.73367801e-04  8.49758060e-17 -8.93729408e-07]
[ 1.13894228e-02  8.49758060e-17 -8.93729408e-07]
[ 9.98964048e-01 -5.82867088e-16  7.68381709e-07]
[11.   1.1  0.8]
[ 0.04504879  1.         30.        ]
[1.00000000e+00 2.22044605e-16 2.19956520e-09]
[ 1.00689928e+00 -2.22044605e-16  4.40750725e-09]
[ 4.77370964e-02 -4.18935719e-16  1.71391726e-05]
[-8.51356916e-04 -1.84299509e-16 -1.54309405e-06]
[ 1.61673549e-02 -1.84299509e-16 -1.54309405e-06]
[9.98281028e-01 2.77555756e-17 1.26629965e-06]
[12.   1.2  0.8]
[ 0.05241254  1.         30.        ]
[9.99999999e-01 1.66533454e-16 1.72697628e-09]
[1.01087088e+00 3.33066907e-16 3.47379059e-09]
[6.54221197e-02 1.09287579e-16 2.35234456e-05]
[-1.42243838e-03  7.18106485e-17 -2.46497347e-06]
[ 2.20653248e-02  7.18106485e-17 -2.46497347e-06]
[ 9.97297052e-01 -1.05471187e-15  2.01058960e-06]
[13.   1.3  0.8]
[ 0.05988024  1.         30.        ]
[ 9.99999998e-01 -4.44089210e-16  8.15512713e-10]
[1.01636665e+00 1.55431223e-15 1.52398572e-09]
[ 8.70165783e-02 -5.20417043e-17  3.13487187e-05]
[-2.23782273e-03  1.00543326e-15 -3.75398333e-06]
[ 2.93085017e-02  1.00543326e-15 -3.75398333e-06]
[ 9.95942483e-01 -2.63677968e-15  3.05349039e-06]
